351627148
584133382
761897681
967753956
1706606636
1797684377
2252351412
2473150665
2826859424
3948642902
4105128688
4263419679
4411896609
4729573024
4940713557
5499114651
5686191719
5733899894
5762857162
5823521534
6474798413
6523541789
6725269448
6868965898
7132861063
7316509658
7831097939
8028601846
10424543896
10564487354
10591632299
11286300458
11416554380
11491019755
11734892173
11909641088
12114529371
12272618470
12304331504
12762277566
13510441080
13543097954
14079092759
14112505272
15331536774
15511694008
15690250028
15878391643
16046181959
16326160129
16333574702
16812063307
17061651067
17296468310
17625593794
17652049448
17700160078
17961956912
18168448882
18407383943
19325723558
19423133877
19634342202
19693298886
19970039187
19990216586
20116584547
20158163218
20450275117
20606370752
20722891019
20803247406
20877338234
21565572367
22188034828
22196518025
22508223996
22538965003
23203001262
23269776507
23303921100
23481208837
23719018183
23752570917
23813260290
23872530782
23873369690
24493934864
26305686354
26434188576
26938030799
27432737370
27458265535
27576542273
27822348083
28703143809
28731875247
28830166925
29021217553
29471733425
30426512408
30732790760
30754282280
31067710162
31755220344
32518967185
32612127863
32951999617
33309840559
33495367688
33504318636
34277354780
34284533521
35117041969
35161281106
35595705523
35636989655
35888967393
36324858394
37568955733
38068955063
38245050690
38664353216
39148956362
39173827080
39258253933
39861804203
40517942148
40608047998
41356598653
41882149517
42216855113
42388039765
42703255288
42721305132
43076327081
43178817333
43232839493
43565193581
44999118447
45137588656
45293358845
45322741383
45550273707
47576513208
47593063971
49247671452
49631454864
50349519464
50360961495
50485198148
50706693740
51023814459
51037686171
51792631027
52381036224
52449503825
52817449776
53150220061
53919592157
53952719795
54288400085
54489341760
55674110505
56266070945
56409887842
56450372652
56578668672
56996148596
57153402487
57415864567
58121478279
58147365454
58151738618
58520676649
58606069145
58769834132
58789369185
59281958375
59532554870
59755282984
59789770449
60024237557
60567846173
60589238508
60597829877
61299837028
61355472381
61761159036
62403742889
62529997707
63269313570
63704376585
63742456038
64423091353
65360272690
65988002976
66094576683
66565659648
66660595821
67022752165
67040332041
67297815251
67336842441
67592499572
67890170880
68321899394
68416556492
68505798189
69121035938
69361992696
69387862778
69427334124
69622540724
69740774420
70539672719
70869912851
71138806599
71164331902
71280590468
71467343229
71843140871
71991749399
72158324133
72571496578
72781049783
72972886858
73741584092
74082090913
74383579138
74621411548
74645818086
75187704766
75270758838
75619169178
75904323297
76183817427
77270168555
77802855167
77864977071
78110405655
78274213637
78282436450
78589976690
78594126508
80783411864
81176526839
81233448680
81332505048
81340107737
81402997059
81529714654
81644717704
81781325870
81986125906
82081865457
82089432310
82695870307
82834258559
83363833871
83407132209
83615524450
83718265745
84407357827
84613406621
84840898265
85099636485
85468954232
85598724391
85786906386
85809619907
85938817444
86529275575
86755077546
86885470699
87012895481
87299259954
87469684791
87635698730
87825411088
87860333324
87938773238
88686984405
89162072650
90024152847
90111292591
90405530538
90455779466
91651737233
91894461156
92246107820
92463644152
92937233843
93024455135
93026327646
94076965918
94531640798
95039887324
95607176299
95608582419
95739614831
95848055055
95879099257
95954031475
96045655755
98616151937
98618565092
100075129181
100476559350
100580063860
101107258800
101229680969
101672960848
102210903321
102574856610
102772053096
102837788445
103029595713
103081070962
103091715467
103513777408
103840728384
104155194561
104815227800
104844183735
105513439650
105728581314
105911323391
106017542011
106108614747
106158620490
106220397534
106833494155
107245946999
107818623699
107825792569
108025388570
108466313510
108766167907
108960511572
109274321910
110591949425
110654349319
111119131904
111429901241
111547670145
111898331258
112591969977
113067087685
113107409120
113149678038
113277888211
113334479390
113502185866
113777420943
113981489885
114218507997
114222137142
115293454634
116014426958
116207439250
116730643182
117512579229
117933035200
118096922774
119147794219
120074723293
120204260381
120320612573
120731107204
121066155403
121142620099
121295541543
121612148542
122148385823
122284638689
122389433796
122402855489
122491832280
122733309815
122823469486
122903132085
123015404445
123138337676
123452250692
123587034301
124239601369
124354302567
124583290122
124676203062
124731356592
125445955106
125638953984
126041069288
126135046122
126234514639
127118331391
127119050591
128306768324
128312776920
128469127116
128844931093
129003711613
129046822538
129187390335
129948015675
130399312857
130800601098
130803856021
131170742576
131259019717
131293431834
131326538410
131508597883
132095518233
132475099995
133510124541
133844638425
134656190896
134971124315
135025143580
135439979600
135534085704
136008327085
136482142292
136506433835
136560793908
137680080454
137841470928
137932204288
138219948149
138494272150
138648878238
138677757313
138799550985
138903814708
138982122254
139690441083
140124530133
140259853036
140393418756
140464961893
140851804893
140917657783
140988826860
142152404415
142499088620
142619691059
142710463463
143018251875
143408903099
144899296864
145018100450
145150251920
145531855931
145656912037
145672891044
146099420920
147474814841
147519156012
148301512482
148615076422
148823072942
149392573370
149466101142
149634185204
149956617092
149957199836
150598119223
150685092070
150864307645
151004851057
151159106888
151179267551
151400804441
151551693906
151655599159
151774998917
152144145758
152296083115
152470376858
152493919220
152794128231
153006298038
153217466020
153578796831
153590087248
153675337335
154022279162
154966715933
155224489712
155247353509
155532289578
155963855486
156031876544
156141893176
156904666111
156954833941
157255827205
157412778438
157560669501
157627799715
157843867027
157990980638
158574965610
158774539543
158793298422
158866324238
159111051450
159259319324
159265369824
159484114808
159906275799
160288077823
160523130877
160638208881
161175176489
161239458290
161580888849
162251756704
162741270383
162833076319
163195553513
163540774190
163547960176
163644783097
163891495567
163935735265
164275422738
164704870314
165371516314
166037594174
166315089595
166394530474
166590749317
167420724707
168746008171
169851649914
170515878081
170795793398
171291906556
171522304937
171538547285
172382612413
172517412787
172838312031
173859721420
173969041249
173994877626
174173384301
174519273732
174551543993
174825583863
174967942289
175589585594
175617765978
175689075960
175696758366
176440633797
176613320589
176835065472
176840885698
176997999522
177029303890
177206829128
177404757213
177732585322
177771749860
178190253570
178273287759
178696901372
180007411107
180225337112
180612173861
180667335652
180713402148
180848827858
180960806355
181843878726
182127959480
182438771803
182741083935
182870432722
183115861657
183497766631
183536689709
183752602568
183807575185
183972451339
184065240552
184994225035
185019774531
185357119171
185499740041
185782505547
185821272845
185902946775
186547149865
186650723037
186723514472
186975310165
187058703781
187069412759
187202629799
187358666868
187560828676
187696450914
187758932941
187970143162
188378760145
188418405004
188568191040
188640599105
188929373555
188960369041
188981117928
189033670348
189308840528
189810465947
189865704461
190158824689
190404110761
190528811341
190861429222
191433453653
191886871364
192597175768
193061910596
193306761765
193636249350
193723566539
194737435146
194903482268
194991844739
195128833944
195669902960
196318672555
196762549830
196953510029
196979859989
197128423854
198647951176
198858899093
199811192454
199815436370
199826455474
200002879784
200125456022
200610812214
200789303617
200906627015
200967245249
201727493749
202144726079
202148546877
202267992040
202706617657
202713236088
203443642448
203473081571
203625549684
203641718121
203698608981
204362469837
204668515702
205028418915
205131748353
205177914457
205564484561
207157266645
207174434898
208035876704
208738709633
208769847850
208912798400
209118106036
209314359115
209539918612
209655632652
210060494104
210207396117
210310941370
210415889854
211530360583
212132502126
212541747401
212878836776
213228280330
213394584610
213511954486
214516644804
214653680628
214968210196
215307249815
215811386558
216035157465
217761488345
218268915668
218449398641
218554817869
218583318518
218604652096
219021614790
219471835960
219566884983
219632592714
221176366201
221800289498
222015716072
222434414568
223071864048
223884282932
223965177168
224080835735
224389710333
225973047790
226242530204
226375384180
226646684134
227047637749
227165611835
227262738148
227437773032
228328775262
228822305865
228981875762
229376030725
229406177252
229889318094
229934548906
230505734008
230659651308
231010602877
231351376406
231552385334
231975089153
232102554954
232180973132
232263244402
232859934336
233165051559
233309154514
233732484889
233981400925
234660594858
235284745484
235552288742
235660329539
235711467056
235793364251
236423257904
237076731550
237361528122
237412986892
237598712046
238894627879
239169304397
239228418104
239646677585
239745642507
239931073967
240584263064
241235678512
241553388840
241565162413
241960131049
242410170753
243121932371
243355996600
243567536890
244101740601
244229388452
244662366958
244718607540
245019099367
245091747997
246124109279
246231883743
246441479524
246569144571
246725313011
246731879590
246830088903
246864077601
246942743032
247671697703
247901314398
247910956758
247987999232
248813598758
248939818055
249806721329
251477985860
251906566374
251977971289
252000606899
252553355908
253038593824
253085577614
253092496142
253239112225
253441555960
253944503434
253974342765
253982021232
254179449886
254357945526
254931276698
255061292866
255148660371
255350470005
255573083391
255778028463
255867147956
255906633067
256500047143
256563220301
256978057408
257175163127
257257637204
257956328074
257968717072
257974975596
258573550436
258632707792
258639869439
258945713507
259029153083
259046463651
259301542513
259762672621
259804970311
259947553242
260022650130
260932816259
261149530369
261346689783
262153692978
262204438275
262242103574
262337206939
262771070275
262872728966
263321462927
263391722273
263509288997
263613720366
264015615301
264408388222
264805592907
265415612755
265615388886
266290295881
266530232729
267130354722
267166735139
267412183520
267538882406
268025869296
268136064881
268321409603
268671494656
269329046227
269678831922
270013061309
270285446575
270539170621
271064595649
271158018834
271248621394
271314287793
271738333531
271812458431
272625173293
272649086180
272702155819
273559984796
273679316895
273799610307
274025329209
274112816864
274348426333
274786806216
274840525785
275010877951
275086849824
275516659038
275703631174
275891936235
276592770993
277301131268
277306089246
277559938752
277632562534
277679553636
277902003647
277953392317
278002659609
278092821278
279230635179
279478498848
279758746360
280074883564
280153219415
280433019674
280473362731
280777422145
280812867870
281021079129
281082308680
282125130153
282181212728
282219630459
282327373152
282332148436
282672096794
282842802636
282865660315
282924321761
283624097157
283982784237
284109253166
284189497784
284451656940
284483301796
284497700196
284676765147
284688181646
284693387637
285165097832
285282908980
285330574259
285526867609
285736144535
285749350783
286035888514
286096793824
286579187729
287183990264
287453471479
287532688404
287686064655
287794905207
288419122435
288861207812
289801137597
289881125200
290147687746
290420621533
290841312781
291248149132
291422960304
291535903572
292440333410
292796606885
292834092786
293335025331
293481532435
293510588918
293887787261
294000624317
294205913221
294532404438
294622456744
295179190284
295509115453
295712031764
296629266604
297439063699
297705856002
297930075270
298905787749
299019538174
299252759230
299574180615
299743031507
300093487986
300157161065
301018191616
301155883279
302498739185
302784429331
302910784881
303099408458
303642370466
303692771660
303740236092
303740394192
303745110071
303948989362
304333313481
304604332912
304605037408
304754912980
305072516386
305147618267
305194261663
305683398417
305930455283
306081656367
306648662887
306871868899
308409298147
309059073797
309813242671
310059374170
310457978192
310841427904
311073670814
311159062058
311442561931
311795596305
312291731046
312444905631
312659098105
313578758154
313852393724
314000226439
314223305770
314304933075
314333796032
314806386290
315087901078
315487436559
315947867965
315986879171
316058459281
316119578014
317015184163
317200213377
317257080177
317821815447
318131778321
318438302020
319374867013
319524813797
320659408720
321012131101
321141077805
321271048761
321323412536
321827184725
322037790923
322517849726
322755722684
322789050226
323173105159
323588269393
323921241290
324154652861
324158615172
324493870696
324496147539
325216004049
326452189478
327565978932
328190610588
328703112523
328861200571
328865339868
329064885677
329552559303
329962445058
330056644431
330367122118
330437090864
330767727111
331330321558
331603645826
332584657988
332779823256
332929399358
334213364032
334274756820
334847130440
335072649862
335254315848
335259591502
335558806853
335569572972
335993960603
336163663374
336663217776
336822565294
336981678445
336991515674
338596025753
338695378757
338855611258
339401615502
339744359101
340370241089
340442652345
340484050027
340850387323
340984427467
341030058191
341742053757
342077625732
342201352428
342430099077
342764300908
343271757239
343371697852
344169341138
344555280127
344825363609
345337869840
345398836652
345616198661
345833395912
347132794795
347472643997
348037020330
348700900393
349212646850
349279360506
349358901477
350270220068
350324384601
350541258451
351050805097
351404090645
351510315711
351620717918
352270250908
352795387951
353524091723
353976587407
354143419527
354504635333
354640099512
355262021914
355597657975
355624314138
356590131011
356798225435
357165208769
357318573829
357364173773
357796730706
357807601003
358240766420
358811216832
358859735988
358964640732
359335349836
360761534157
360800371603
360907219771
361765168505
361986887612
362563527648
362915505988
363062429089
363292030770
363601060288
364314950859
364398439767
364479369106
364796048844
364978817568
365023023952
365779309271
365881709796
365988287264
366186045296
366496766147
367217422353
367692594966
367982996087
368107456161
368168801194
368356343284
368659807259
368773739764
368794698842
369164769776
369413961513
369687776311
370796993381
371242353149
371290914119
372279294156
372286781018
372708962480
373364707963
373687784838
373945295516
373993629464
374201332313
374643720836
374871527393
374948327915
375267700841
375394687631
375689811504
375880904392
376071592301
376247970509
376539907049
376958185006
377037035124
377110465409
377343063725
377506948046
377714878433
377931143651
378114820296
378125089006
378402521213
379822705543
380186219817
380333614173
380962158197
380990642502
381456362192
381711823404
381792373446
382336582961
382458072349
382987044447
383762570323
383970624647
384122901494
384273844548
384709820234
385058604254
386267686415
386313616945
386469894936
386713043159
386987076066
387097863306
387385208795
387680904493
387998054638
388297378073
388619662694
388852684986
388913801297
388995921475
389084022293
389101636467
389433757656
389689633502
389952212172
390197179363
390353396897
390646699896
390801431783
390994241442
391350035653
391573279876
391643977414
391757837536
391808496182
391885795099
391996453758
392268305499
392340417271
392385530215
392504324458
392611541371
392795514646
392916827147
393313466314
393357258060
393503188370
393581907683
393593357503
393680558239
393757839855
393866472414
394197556015
394213584021
394235963905
394314420562
394444414734
394818667122
395042405799
395172597877
395229363157
396301237957
396545915056
396887162848
397069575187
397952288866
399069493686
399116863851
399135427231
399238430160
399263455137
399343082529
399388107431
399391704750
399454014901
399886624891
399967408994
400193325591
400531831669
401018164098
401290176649
401733517675
402028449154
402326386073
402424329459
402429237120
403394467562
403689130641
403791884563
404019393766
404137259884
404261491419
404557553076
404888584811
405047999214
405085942735
405439948803
405620839760
405744668691
406222825901
406477399539
406952918342
407008140129
407183340740
407394271736
407582879189
407833907409
408055422336
408121770337
408437072714
408609789674
409256891537
409362137028
409758265222
409910537408
410018480589
410329210693
410484376671
410999970709
411002579606
411102140217
411197395691
412041807461
412401767646
412825536386
412828267126
413145344551
413397912905
415130106628
415197557194
415389594754
415930538323
416010859197
416933945200
417321752398
417679415836
417956360514
418176803032
418328970674
418392357534
418620064356
418724300888
419374135738
419382631359
419515145637
419735586211
420562667068
420890422284
420920130436
421705808481
421971126891
422155248133
422435251856
422914148958
423320562041
423752765898
423794306186
423800586853
423912302916
423916174987
424337091827
424806419453
424819110019
424837593012
424899911229
425650483424
425739536844
426301038322
426341379655
426762846595
426763743293
426772946628
426818693992
426921789655
427097832641
427682775332
427902818045
428340248341
428476104320
428636431969
428678912507
428874253532
429177803059
429376218077
429766248915
429934991766
429964496139
429968030166
431014707958
431356311985
431373698443
431395134617
432019500428
433052339415
433230119891
433874760746
434269298493
434300576503
434578860594
434670696354
435191106285
435278833628
435279228262
435777667397
436146782132
436604320540
436856299871
436943288191
437048724439
437119430843
437472312544
437747683861
438253098889
438532982211
438711101758
438769923390
438968479719
439521103467
439916781755
439931340432
440120625404
440220638950
440378607204
440560600737
440610618679
440866039581
441368156784
441706846317
442531847331
442619119523
442812322641
442935470918
443006542042
443221884380
443360335937
443827896055
444019693742
444443152058
445387915474
445626332658
445698942753
445719084204
445944253099
446520763545
446773353175
446841842424
446954091077
446996038776
447180599748
447181633047
447558077868
447739657496
448375929881
448399611695
448507382205
448630781245
449398599122
449412321117
450026003512
450131453403
450286041869
450469508021
450659208016
450915170068
451766443462
452331054800
452337901432
452598613038
452933535786
452934045338
453299046324
453402692685
453999558885
454152040386
454470538112
454735987147
454842911184
455156346216
455415164998
455418256188
456339579218
456370671202
457193937266
457573523270
457580679611
457910185118
458853809669
458893780989
459291774864
459312565239
459530051890
459602546312
459789334762
460075512982
460421140429
461016786811
461230381661
461254687518
462340891808
462532213097
462556342758
463099095955
463264659958
463573088633
463850262331
463926429926
464047692562
464512955174
464536563978
465028004207
465704054731
465968685140
466202105381
466486340465
466791170985
466832879566
467223802653
467451071286
467545916440
467580739612
467680415961
467914862823
467987708025
468334688417
468615890365
469045911951
469118702158
469163389964
470327130531
471141276476
471934391136
471939975802
472057379010
472228210823
472300905142
472347336396
472577340802
472891810533
472975899672
473299402753
473358233546
473559055726
473827878046
474210389286
475248704188
476066757519
476107128895
476433484895
477326320071
477581298418
477682984746
477999361524
478025089831
478271535026
478512105348
479060535938
479503455589
480217324308
480592986566
480640904413
480673788191
481021187613
481417956549
481553674129
481652145965
482317251281
483199505344
483336641306
483656927002
484444430559
484559652145
484581205957
484778899953
485838589337
486431534040
487309978996
487367129979
487725923529
487833670332
488338860997
488369784708
488499953040
489086426917
489656014683
489711249727
489914475062
490219885571
490246053619
490563806728
490915487628
490981119926
490986022300
491543743953
491779032469
491864459966
492494864636
492634311119
492674051176
492888166340
493053814519
493070590904
493107425677
493138734458
493141937901
493507632551
493536005749
493545051887
493879634645
494218603572
494710121567
494785409192
495264335314
495782673878
496005073672
496103833650
496808309459
496857188028
498940684450
498967396206
500015292978
500855751978
501651122403
501958290925
501972214926
502164688978
502317484932
502425414012
502955056948
502993682609
503037352522
503041799880
503280494470
503771250421
504100310973
504270193863
504575590524
505808425648
505962603213
506270360389
506592368060
506641502068
506722597952
506920354300
507796025781
507865781863
508021359605
508538902198
508556923172
509030954181
509150780018
509356033323
509359385975
509610925621
509775284958
510022799766
510177318943
510426987402
510899397864
511074139411
512359454686
512638774109
512771387825
512812821461
512839016057
513286529584
513377159251
513396834086
513431087908
513450247180
513739885024
513917176532
514126894698
514841715707
515028883286
515195337488
515246972948
515252516410
516001760026
516006863519
516195548892
516272054653
516415535276
516710615512
516719834492
516851916783
517424482820
517596724082
517618260096
518406726588
518599041506
518885806369
518927905126
519120309955
519305726706
519908333698
520078810577
520245804555
520433318804
520562875159
520712628261
521420861861
521874043535
521922577745
521941277779
522111161374
522411507453
522548461954
522669967383
522911550109
523123783176
523488936819
523954198560
524296277449
524473859119
524616080385
524708918225
525224791128
525337123991
525575265282
525767055811
526019619412
526238414820
526869625634
526908020985
527867399117
528424529574
528535812975
528718418838
528835241215
529094681876
529524158971
530314080358
530912381693
531367088365
531600161478
531976925736
532235019353
533590048348
534129043894
535106979997
535608992687
536746841996
537042764552
537112878577
537188921942
537594448750
537613895179
537743263190
538446610103
539018316395
539540578209
539541493240
540024336305
540223867806
540358100889
540428785744
541041369250
541366292997
541448214007
541548449150
541670782314
542181707948
542332023076
543217630957
543515621051
544486434256
544668607029
544977004310
545394616850
546146906162
546618121190
546635869964
546697828793
546923340143
547333177842
547836303364
548366442562
548377258926
548635006356
548641147851
548838810254
549649008114
549664943300
549787932511
549977385505
550066829832
550111674452
550344666946
550849864934
551394677947
551647870179
552567190099
552670115641
552890283740
554058842926
554517737137
554538617681
554695051564
555519662121
555598050699
555802969646
555877043982
556286362977
556433309889
556863365847
556866847491
556874577163
557175478821
557801360901
557894962925
558069634664
558081071485
558773902143
558954895574
559278580603
559532866795
559633768212
559719321359
559905868162
559918164162
559964170890
559993900867
560369273518
560477421544
560601057747
561287405469
562017170231
562125144060
562308550215
563121616228
563467232273
564093230287
564134662456
564552262720
565067569906
565195359325
565533394392
565824546120
566376992530
566562680679
566645222561
566754370296
566857093499
568126002100
568861513780
569374684212
569443982417
569444086625
569808091300
570002133484
570535817947
570587497097
570783897304
571063374289
571438402932
571484430418
571638857679
571928508902
572294591377
572312513160
572569680376
572854649173
572935600457
573105017185
573143915804
573160735003
575101983403
575303814823
575673941873
576458404262
577014847303
577056108334
577075219528
577148001117
577440558275
577586335954
577642594463
577833849465
577880531891
577903305711
578020103993
578527839825
579307311034
579548110242
579585980770
580460893973
580668505445
580898029445
580909798917
580947838995
581137255887
581986558437
582269366842
583137095534
583143475876
583471868126
583618860280
583986010893
584071718436
584310712613
585030980618
585165181134
585293102427
585341316711
585574268529
585587096058
585621475497
585874309816
586019088180
586273836925
586496014032
586810037889
586927195590
587134075054
587381476131
587614030033
587738377971
587809184945
587983162631
588007750020
588031108846
588433127406
588508884377
589737178404
590454160858
590559361958
590880784097
591340603826
591443330690
591723881324
591846847853
592273205317
592446256045
592521575117
592703380215
592749767111
593017104181
593117714981
593185539102
593550932752
593596845059
594088006937
594468241671
594493385755
594594876199
594711274768
594725692547
594917751352
595168796504
595431191125
595829232801
596530479148
597232387463
597401140317
597887069174
598181770986
598349519163
598785955952
598878926559
599461838076
599652637645
600166059909
600229151733
600335955547
600663856550
600808854030
600867436229
600896240415
601212612912
601338415000
603063159337
603188950517
603233115379
603390567813
603543785078
603691886403
603751236947
603922358718
604177309545
604332512285
604462402392
604689917484
604936105483
605500233104
606011974352
606735997114
607021268547
607032288794
607042414188
607147374881
607636113477
608064185975
608334771273
608454376959
610104828277
610149701760
610169355228
610317315964
610480298043
611211193827
611811242238
612397037898
613685450101
613846493266
614852408990
614855195721
615057045582
615602592123
615691705821
615695784571
615754030039
615822745909
615967110035
616219285046
616444548978
616973570989
617067260978
617084214688
617384767730
617931558991
618668614463
618762918395
619383083655
619480868994
619644829489
619874242779
619893196892
619973860156
620274057423
620314941864
620490431521
620603237584
621080048684
621338066592
621572018300
622712677957
622798472034
622820895862
622822277565
622823121088
623408897125
623641634158
624046193849
624335675956
624514526734
624659547518
624727161327
624922007846
624963139087
625263214188
625639575844
626510144924
627029919237
627059639206
627240362371
627727851225
627811995943
627985397502
628432718167
628823847157
628880006981
628949912640
629131862801
629137513675
629185231089
629409657648
630347612765
630369003615
630926958387
631221839982
631281017864
631592394709
631758635553
631792593276
632854669517
633224976552
633414626930
633643159933
633962229598
634021285864
634199980439
634242438846
634421371479
634452897084
634565698045
635196406802
635312526994
635672348720
636624743392
636772609053
636976577325
637424517669
637503184489
639072897978
639442443212
639565163179
640173622750
640444613598
640963587259
641226428990
641618386787
641851774436
641917798612
642243964304
642648125017
643142678489
643288879424
643361631432
643392351936
643958261125
644346259447
644587099441
644815451968
644843403267
645654940312
645783985167
645835522382
645864187235
645985326793
646197911680
646728187856
646790989293
646980890146
647510195129
647817270162
647860338068
647931502090
648043441080
648578507689
649180696066
649521662621
650530142980
651002398613
651164916484
651268336371
651482942256
651529097469
651568825776
652039798700
652066300718
652257071869
652257688009
652597997307
652898572320
653147717158
653652267850
653834717688
654101962312
654312930439
654365534234
654520876653
654547645879
654628056694
654814093889
655206264051
655338793561
655475025893
655523170806
655688092993
655706230729
655737388449
656106817793
656302086160
656611467931
656841251048
657095279143
657724961319
657846491492
657947191488
658364532984
658420992417
659301658005
659639582420
659718947335
659989707192
660087940881
660239828420
660406895087
660617766745
660804973125
660993341804
661100007439
662238669862
662274102277
662780963009
663261786684
663868531935
664570581299
664618021516
664764632914
665060100922
665156071803
665810854583
665839616369
666597003583
666734234625
667070927891
667878882561
668073532423
668871174629
669339938386
669396171653
670306129929
670676451543
670888504665
671357356379
671436289434
671444369273
671606756235
671838631459
672771664412
672809388888
673725990252
673827860603
673850262083
674605662988
674786913970
675096191552
675548512950
675552870343
675936695781
675968697836
676168464634
676287225563
676348556879
676951177059
677556895778
679939082472
680060038200
680335405636
680480698798
680637930488
680727740374
681215276163
681304333958
681741614623
682356005657
682576504197
682725149848
682880596796
684159742549
684832905888
685922746533
687732078938
687929034430
688160145879
688331268007
688893375982
689169768364
689382024933
689693140676
689766918132
689972839007
690425076550
690442570464
690463820017
690692053079
691086753556
691420781974
691475351813
691992969100
692378343277
692500337516
692582683295
692925831930
693047633820
693179332633
693390614993
693540582598
694239165476
694334250133
695279551370
695315686801
695395339089
695445721667
695823286415
695893742478
696160379811
696168131139
696662633595
697053680538
697181741222
697181989313
697220475139
697896869490
698026246657
698173537798
698548484633
699194579799
699216922494
699260446338
699546343806
700261738503
700371123255
701413882853
702388436908
702669092461
703091011819
703351722577
703408261857
703761146438
703820708682
704068193035
704151194615
704237872672
704312278353
704504757335
704844334141
705069432983
705097959587
705166822002
705281212681
705744096172
706022530928
706393443305
706606266485
706725284043
706767389889
707213079634
707241848081
707329207228
707676632798
708119380655
708600647558
708760675756
708899185361
708909908371
709104854180
709259583306
709369733384
709394410076
709446453588
709608898205
709844835766
709921032669
710617594472
710638587082
710704698037
710719000441
711053277211
711233874312
711405237364
711563048465
711816272956
712194320898
712673921876
712909153491
712952648924
713312561555
713595851076
713972845663
713974897202
715120368444
715236589760
715588300960
715663222337
715849141356
715882628757
716091706613
716114843491
716712840582
716828232563
717439586859
717626042923
717629462243
718680523403
719289698470
719637365010
719692456287
720104612046
720110773419
720681191626
721066110295
721071438907
721090620626
721374055575
721406521867
721470132215
721631225771
721696126610
722034383085
722173726061
722359571814
722700608024
722768391062
723143757794
723306607498
723400379617
723421627397
723620857283
723967533145
724608458937
724631181856
724694433448
725166757419
725786970314
725888597785
726430581187
726431209405
726488272774
727041500299
727345589065
728024691636
728818043789
729311574051
729589440352
730839157100
730966234132
731512592400
731694128499
731924790918
732607808552
732725762896
732755701928
732948356643
733689041913
733740939115
733814341772
733846331817
734018093363
734258933061
734315937153
734414210388
734770664548
734874903185
735077713036
735491235238
735537390958
735798608512
736291981215
736488261812
736524614813
736887350027
736950232784
737053266897
737245060904
737595557019
737745657991
737746461763
737749254748
737756124162
738323751504
738373526893
738445754620
739545859653
739656867061
739907479287
740197447745
740267574850
741322564229
741955834966
742276530462
742959179735
744326483013
744353246174
744806099553
746520210762
746698054459
746871187331
747315255120
747812148634
747890536265
748124456121
748712117073
749085644801
749588539638
750131667153
750559812301
750705564223
750898722013
751724541538
752158079613
752513537488
752726274908
753146833808
753305058053
753610265730
754336449612
754578226494
754725055731
755017042201
755037037629
756099842806
756473870021
756882297392
757213726600
757358339546
757536840689
758456110881
758525021791
758538770479
758749749871
758940083418
759134388789
759155848133
760100430361
760284810407
760332090411
760464563570
760623399792
760790045962
760936435172
761567849604
761618933597
761688694561
762648028349
762995924053
763024234292
763054317540
763648367763
764148954852
764371139263
764417234662
764483522720
764571353381
765260902809
765391763208
765576914630
766316737241
767059358706
767354345362
768137126843
768659290656
769092614030
769299116372
769537263861
769708466267
769726490340
769804999480
770140386230
770242772668
770296040455
770439431650
770877995790
771312715007
771489904618
771642580658
772119506122
772617421727
772977068594
774201957091
774285170377
774442188088
774464625778
774524586736
774602648795
774711805268
774855814448
774927704479
775471388159
775930691343
775984459300
776516600285
776569530766
776632862065
776767959315
778448939302
778923405236
778952478577
778990963252
779859890962
780388604347
780780835141
780884392910
780978164821
781312104928
782085622113
782436472374
783715155428
783995042748
784154162132
784178423020
784178761871
784831156426
784893902359
785417617917
785500603562
785680305417
786257805676
786714462096
786988554178
787031275298
787324599475
787869954348
788058922285
788151275515
788207816885
788319198998
788526889218
788640493814
788702044827
789075790471
789127877151
789336911837
789395922539
789454437022
790930270630
791263462500
791361431397
791370295143
791464431493
791571190673
791838229106
792050570335
792231590379
792396927447
792397845589
792675624784
792748635360
793051633899
793346716564
793523712509
793571861588
793621479763
793638855113
793867417732
794012375443
794180237075
794498281716
794775529024
795028529429
795536825546
795732900674
796146242157
796793208292
797039649216
797191315097
797251045772
797427826989
797473007920
797792297336
797947039342
797987122165
798548393148
799051692660
799153384433
799381931751
799647529151
799863853614
800038737537
801053622269
801171929569
801602759792
802232304414
802374471671
802525166472
802722581818
803054370925
803432230704
803847522578
803864260023
803906447031
804135582513
804343247410
804525059270
805234245196
805384192693
805477760123
805524072629
806604748712
807096453916
808511779271
809140081211
809219154023
809595095659
810138773880
810186769564
810244693904
810455237617
811294327035
811435652558
811872750082
812304165678
812324860055
813159799538
813414122497
813929896664
814197142927
814823013095
815271060686
815626552010
816759344896
817579879824
817779605053
818011140798
818087203496
818835658431
819018048517
819273830385
819678556519
820023990846
820064371668
820424174415
821083055411
821336552299
821725556074
822490926341
822547022282
822564030156
822774343054
822871606585
823036843471
823902769233
823931945900
824172570977
824233266833
824405989013
824655025269
825231161736
825449070322
825640982426
826089628546
826113591490
826216128435
826316285716
826521257935
826696515330
826753785333
827426373581
828378756330
828960328722
829240483092
829381062005
829744468732
829788309295
830136486354
830425342323
831204795782
831260567469
831303642786
831515377394
831855802015
831937367928
832786558248
833548181257
834391623911
834627864591
834976306695
835029477418
837206430594
837230113077
837403598551
837618821699
837652209417
837728117307
838166421551
838217868011
838750750798
838796150544
838921965854
839260927229
839646136344
839675674915
839951004113
840005047094
840444577777
840809676721
841055444748
841172095946
841982820643
842061339280
842220189782
843018632447
844035036740
844089319665
844241250389
844633887156
845008942898
845035074459
846041028325
846257840403
846770201770
847002092726
847123678105
848081577142
848612288680
849267411546
849700795645
850213971204
851005949622
851132342360
851302860893
851578387876
851852482444
851875184149
852191047085
852494123893
852709574589
853368330080
853378069766
854305536574
855048643019
855146055412
855411398077
855663392511
856202749342
856591155420
856869444709
856986347744
857105520774
857516362113
857654184308
857745794258
857928669981
858300472992
858729373375
859210591733
859279030146
859549670212
860179813894
860478124291
860663697542
860892810466
861115561847
861216072752
861353507258
861368101313
861374048391
861471319307
861629279025
862201969019
862420845369
862560468320
862882283541
863115611965
863158574624
863796290016
863838499182
864153027753
864958556099
865419869723
865788729256
866357628634
866456847246
866596020856
866660422630
867300680232
868001992706
868003210320
868037835515
868531124825
868625363010
869563191761
869635276227
869886209608
870011851946
870101749826
870724341461
871138351507
871168921099
871521665766
872124989452
872303676034
872422501682
872540717558
872579140759
873840313973
873898890829
874272290078
874906270860
875168441713
875265593904
876432884754
876835446329
876994793607
877037144567
877184053243
877321772185
877388080925
877391619021
877678664743
877863181413
878085852515
878087001271
878131396263
878500839710
878612836653
878767596657
878965329161
879205972128
879432626800
879740676681
880149073440
880156845281
880345288775
880650976092
880883056658
881602018453
882101283895
882300474059
882577637749
882656841657
882793229200
883195575870
883209808817
883268313462
883549045535
883881826425
884001598575
884223214733
884335837159
884373315260
884814082488
884831364307
884915871179
886325920707
886536966765
887539257626
887577343891
887625552932
887654184368
887656818361
887709971041
887839403140
888074379181
889449249452
890168076224
890626175615
891080761665
891614094245
892015404146
892731441294
892751289326
893182255862
893284693909
893989793688
894234353362
894296684643
894342787267
894428934432
894450363726
894480126924
895412049201
895426495843
896161002796
896924687761
897007553800
897692835566
897801514215
897855865830
897963529593
898618121991
898662178290
898789744884
899229016956
899343989321
899373381030
899442855885
899565010255
899885817306
900157043103
900436272660
900791988340
901378705658
901421805204
901601821194
901602824870
901660633665
902349957102
902749901501
903808367937
903984047411
904120676695
904508001411
904665363646
904890721928
904900449789
905008435123
905080246726
905636797560
905756194499
905896988828
906073402970
906170693140
906377366173
907916072925
907981526784
908309548275
908384516449
908645340399
909286505871
909321241642
909490291728
909863273180
909970884723
910278230578
911011303842
911514853802
911982498458
912234456341
912272894709
912449940683
912544977520
912789703829
912792385549
913424046510
913658776037
913727372051
914303836903
915358984921
915473424615
915591447587
915876011769
916016653673
916283060212
916596709184
916600329606
917219147304
917321004369
917880552258
918009300461
918152415395
918320854280
918364693267
918490382448
918729177229
919106293764
919656488171
920730883851
920961466232
920999749652
921019962522
921436543060
921485783500
921522087854
921901883790
922016383472
922115231056
922118526705
922363859676
922369043733
923756483202
923801829579
924332558837
924379329874
924387942928
924618974152
924732966985
924900369540
925222717034
925563103094
925577550387
925614836021
927187172795
927232526663
927923024055
928061439191
928511606114
928717196284
928757277823
929594289175
929956495257
930181524465
930595652231
931116085025
931586779086
931649284779
932012343478
932468476893
932703045866
932741761915
933237482444
933587384157
933670673632
934108982527
934345683156
934507330989
934792388134
934821330552
934918772416
935182171489
935190345156
935200388195
935271127652
936434501590
936636171269
936804085704
936912236409
937019894998
937296415305
937959433272
938530552842
938669892603
939070794947
939161274863
939687192664
939868857613
940040282669
940131128465
940457735932
940734239836
940824717905
940829986390
940833850651
941032038300
941763161291
941916820619
942137604764
942153918277
942826544215
943129486070
943371673440
943451689114
943888834029
943912301902
944051729734
944067415558
944766027972
944830134169
945091542628
945396279647
945667136729
945686520641
945852355292
946001300532
946449802953
946831799630
947536132076
947887274245
948097780795
948238647791
948262602280
948531892479
948546966830
948611519084
949099424999
949437422962
949807256090
949808216448
949877125700
950009387470
950973788310
951236262390
951532801923
951682491391
951912044407
952625198635
952723818279
952767954166
952810470482
952876576299
952974673894
953000059970
953412291094
953797999161
953839207370
953932153459
953987271795
954121005836
954605120355
954823616760
954895028837
955005082167
955014907009
955106573817
955201465795
956040929600
956178540693
956206324671
956367923880
956442277403
957270196540
957504036725
957611847580
957728397859
958226704364
958525295281
959120698326
959336765818
959840847932
959884987312
960002996260
960544239193
960635454397
960696880237
961356962333
961434075810
961444284199
961560712198
962001509031
962227464549
962352197313
962589650574
962846800772
963051737890
963120417818
963251771359
963288668735
963648654669
963801731415
963869519429
964034696923
964726409819
965414415364
965608951225
965986606878
966094092304
966894357762
966945869271
967684375601
967839253935
968084958546
968149419063
968158158016
968289891821
968423382846
969513997294
969897677618
969965168955
970511711708
971307314944
971497858991
971664333704
971708724256
971848696776
971908325032
972053923444
972893532617
972982627618
973218410318
973426270245
973744096068
973757945367
973916368239
974224589448
974237405463
974431837681
974552985167
975010969228
975155514298
975950349376
976158887934
976274112357
976784832170
977052308810
977771896109
977961049400
977976918969
978072146771
978227735026
978480171470
978756724137
978872990339
978977405005
979333427990
980243640565
980285939815
981160007425
981283228682
981337002570
981481867141
981518894187
981945199902
982377013692
983397524965
983650806397
983871772418
984054032432
984436045421
984696964495
984783172498
984865969284
985079754240
985286399052
985327583310
985705332326
985768405709
985864877638
986577415652
987252550371
987349460015
987349951119
987681061505
987851715453
987918121409
988092075732
988292521972
988887894267
989102832374
989349855975
989361305976
989365319720
990407795814
990700960234
990805523588
991318756900
991490665967
991561336379
991710342674
992538818702
992562639504
992708385262
993033278850
993711995132
994062387011
994559462931
994677113679
995299755130
995349803680
995414815680
995799142995
995889162423
996410385289
996538102491
997081255158
997457130809
997686654402
997686870717
997728897139
997959991542
998013585462
998724429546
999300710690
1000028793574
1000129683882
1000570956124
1000961645469
1000961873861
1001034639912
1001273704765
1001593033761
1001682700655
1001709212847
1001784549865
1001785069304
1001858531429
1001997077374
1002105919240
1002117503990
1002352831111
1002531760403
1002869988679
1003062136918
1003349677838
1003860429434
1003934524695
1004137824676
1004178943578
1004369408019
1004448961838
1004488279818
