351627148
584133489
761897730
967753983
1706606633
1797684424
2252351351
2473150642
2826859394
3948642900
4105128607
4263419559
4411896589
4729572976
4940713545
5499114794
5686191790
5733899926
5762857173
5823521519
6474798416
6523541775
6725269482
6868965820
7132860968
7316509632
7831097849
8028601809
10424543750
10564487406
10591632223
11286300544
11416554380
11491019749
11734892210
11909641108
12114529358
12272618373
12304331447
12762277513
13510441023
13543097906
14079092733
14112505305
15331536848
15511694016
15690249980
15878391734
16046181975
16326160156
16333574684
16812063379
17061651037
17296468254
17625593873
17652049437
17700160067
17961956938
18168448873
18407383937
19325723541
19423133770
19634342264
19693298870
19970039249
19990216652
20116584571
20158163192
20450275155
20606370717
20722890962
20803247271
20877338154
21565572393
22188034894
22196517965
22508223878
22538965072
23203001302
23269776430
23303921224
23481208787
23719018125
23752570882
23813260276
23872530861
23873369674
24493934919
26305686424
26434188438
26938030779
27432737390
27458265538
27576542298
27822348131
28703143801
28731875166
28830166926
29021217473
29471733354
30426512373
30732790813
30754282357
31067710082
31755220356
32518967142
32612127780
32951999703
33309840613
33495367657
33504318595
34277354696
34284533598
35117042054
35161281175
35595705473
35636989609
35888967329
36324858229
37568955694
38068955196
38245050560
38664353246
39148956256
39173827083
39258253982
39861804211
40517942144
40608047943
41356598639
41882149444
42216855073
42388039706
42703255286
42721305110
43076327037
43178817335
43232839432
43565193586
44999118360
45137588648
45293358840
45322741454
45550273750
47576513197
47593063908
49247671440
49631454877
50349519404
50360961551
50485198091
50706693730
51023814447
51037686159
51792631123
52381036214
52449503818
52817449818
53150220108
53919592128
53952719792
54288400086
54489341692
55674110523
56266070965
56409887794
56450372690
56578668608
56996148599
57153402479
57415864560
58121478285
58147365383
58151738645
58520676599
58606069118
58769834193
58789369172
59281958437
59532554955
59755283070
59789770387
60024237553
60567846160
60589238543
60597830014
61299837038
61355472400
61761159022
62403742900
62529997759
63269313586
63704376646
63742456016
64423091432
65360272719
65988002931
66094576656
66565659624
66660595869
67022752194
67040332052
67297815241
67336842499
67592499586
67890170929
68321899412
68416556519
68505798317
69121035800
69361992639
69387862789
69427334084
69622540605
69740774390
70539672724
70869912832
71138806554
71164331906
71280590456
71467343286
71843140853
71991749522
72158324185
72571496664
72781049826
72972886884
73741584088
74082090926
74383579136
74621411554
74645818156
75187704789
75270758843
75619169088
75904323210
76183817434
77270168587
77802855140
77864977054
78110405627
78274213669
78282436444
78589976641
78594126513
80783411916
81176526883
81233448628
81332505039
81340107740
81402996958
81529714613
81644717802
81781325974
81986125933
82081865465
82089432305
82695870334
82834258426
83363833777
83407132261
83615524485
83718265789
84407357834
84613406714
84840898199
85099636481
85468954250
85598724385
85786906368
85809619815
85938817413
86529275468
86755077605
86885470606
87012895558
87299260003
87469684804
87635698778
87825411062
87860333176
87938773234
88686984378
89162072652
90024152808
90111292486
90405530567
90455779506
91651737254
91894461075
92246107828
92463644153
92937233885
93024455154
93026327660
94076965911
94531640809
95039887306
95607176264
95608582398
95739614933
95848055163
95879099281
95954031478
96045655827
98616151889
98618565021
100075129144
100476559469
100580063842
101107258769
101229681096
101672960927
102210903338
102574856613
102772053068
102837788440
103029595685
103081071062
103091715450
103513777332
103840728426
104155194522
104815227774
104844183773
105513439663
105728581279
105911323447
106017542024
106108614904
106158620440
106220397528
106833494126
107245947030
107818623680
107825792573
108025388641
108466313576
108766167934
108960511484
109274321912
110591949414
110654349260
111119131826
111429901296
111547670145
111898331320
112591970005
113067087693
113107409180
113149678035
113277888166
113334479344
113502185914
113777421045
113981489900
114218507943
114222137199
115293454586
116014426942
116207439251
116730643136
117512579194
117933035152
118096922738
119147794181
120074723275
120204260449
120320612594
120731107268
121066155499
121142620000
121295541582
121612148609
122148385858
122284638678
122389433809
122402855504
122491832310
122733309871
122823469607
122903132085
123015404510
123138337661
123452250710
123587034339
124239601317
124354302550
124583290135
124676202989
124731356628
125445955111
125638953963
126041069289
126135046137
126234514544
127118331441
127119050524
128306768241
128312776839
128469127183
128844930955
129003711617
129046822470
129187390389
129948015641
130399312773
130800601123
130803856206
131170742599
131259019665
131293431818
131326538564
131508597906
132095518233
132475100007
133510124479
133844638431
134656190917
134971124414
135025143596
135439979602
135534085690
136008327044
136482142262
136506433914
136560794005
137680080516
137841470914
137932204374
138219948026
138494272306
138648878127
138677757313
138799550948
138903814731
138982122313
139690441096
140124530204
140259853041
140393418684
140464961967
140851804865
140917657845
140988826856
142152404380
142499088675
142619691124
142710463416
143018251716
143408903094
144899296833
145018100522
145150251896
145531855894
145656912085
145672891092
146099420895
147474814901
147519155994
148301512468
148615076603
148823072878
149392573393
149466101106
149634185164
149956616994
149957199924
150598119187
150685092187
150864307576
151004851120
151159106980
151179267633
151400804509
151551693959
151655599129
151774998961
152144145782
152296083194
152470376897
152493919320
152794128282
153006298020
153217466085
153578796808
153590087240
153675337409
154022279207
154966715976
155224489695
155247353453
155532289606
155963855465
156031876513
156141893109
156904666078
156954833958
157255827381
157412778396
157560669556
157627799726
157843867052
157990980577
158574965701
158774539596
158793298414
158866324305
159111051394
159259319290
159265369834
159484114783
159906276021
160288077878
160523130972
160638208861
161175176604
161239458234
161580888834
162251756791
162741270370
162833076414
163195553434
163540774118
163547960162
163644783082
163891495639
163935735208
164275422778
164704870322
165371516248
166037594172
166315089656
166394530452
166590749316
167420724664
168746008105
169851649967
170515878160
170795793340
171291906529
171522304981
171538547279
172382612490
172517412764
172838311993
173859721449
173969041330
173994877589
174173384228
174519273742
174551544005
174825583886
174967942252
175589585534
175617765985
175689075926
175696758397
176440633860
176613320624
176835065463
176840885695
176997999471
177029303959
177206828977
177404757175
177732585353
177771749866
178190253507
178273287785
178696901366
180007411195
180225337060
180612173857
180667335613
180713402062
180848827879
180960806328
181843878711
182127959564
182438771731
182741083919
182870432706
183115861739
183497766789
183536689747
183752602584
183807575104
183972451322
184065240614
184994224909
185019774559
185357119120
185499740081
185782505664
185821272875
185902946891
186547149885
186650723035
186723514434
186975310154
187058703774
187069412913
187202629797
187358666901
187560828721
187696451008
187758933016
187970143217
188378760075
188418405100
188568191011
188640599189
188929373487
188960368978
188981117912
189033670384
189308840471
189810465956
189865704497
190158824591
190404110735
190528811398
190861429206
191433453669
191886871377
192597175738
193061910438
193306761869
193636249311
193723566480
194737435098
194903482139
194991844710
195128833903
195669902997
196318672460
196762549811
196953510146
196979859980
197128423888
198647951201
198858899071
199811192434
199815436431
199826455434
200002879876
200125456048
200610812129
200789303716
200906627035
200967245282
201727493834
202144725977
202148546809
202267992018
202706617653
202713236204
203443642435
203473081601
203625549661
203641718069
203698609072
204362469919
204668515835
205028418895
205131748450
205177914463
205564484542
207157266568
207174434810
208035876642
208738709675
208769847777
208912798496
209118106107
209314359201
209539918625
209655632566
210060494203
210207396082
210310941388
210415889828
211530360437
212132502090
212541747488
212878836698
213228280356
213394584564
213511954459
214516644777
214653680524
214968210189
215307249784
215811386613
216035157412
217761488489
218268915610
218449398810
218554817979
218583318572
218604652089
219021614755
219471835960
219566885053
219632592772
221176366225
221800289460
222015716049
222434414662
223071864050
223884282905
223965177123
224080835686
224389710188
225973047834
226242530132
226375384186
226646684049
227047637755
227165611884
227262738188
227437773037
228328775334
228822305892
228981875691
229376030700
229406177241
229889318097
229934548943
230505733983
230659651255
231010602901
231351376398
231552385395
231975089135
232102554881
232180973183
232263244342
232859934375
233165051583
233309154549
233732484863
233981400993
234660594909
235284745442
235552288724
235660329485
235711467116
235793364065
236423257934
237076731539
237361528145
237412986802
237598712084
238894627903
239169304386
239228418114
239646677582
239745642523
239931074078
240584263179
241235678599
241553388868
241565162423
241960130974
242410170704
243121932422
243355996545
243567536844
244101740605
244229388385
244662366951
244718607578
245019099347
245091747846
246124109251
246231883664
246441479609
246569144501
246725313021
246731879657
246830088850
246864077633
246942742990
247671697725
247901314393
247910956730
247987999224
248813598901
248939818030
249806721291
251477985837
251906566410
251977971202
252000606961
252553355948
253038593743
253085577681
253092496110
253239112297
253441556003
253944503489
253974342793
253982021203
254179449822
254357945560
254931276740
255061292933
255148660404
255350470080
255573083375
255778028438
255867147965
255906632998
256500047082
256563220385
256978057376
257175163116
257257637092
257956328016
257968717104
257974975660
258573550463
258632707818
258639869430
258945713405
259029153136
259046463714
259301542562
259762672599
259804970257
259947553259
260022650089
260932816274
261149530467
261346689751
262153692982
262204438359
262242103499
262337207079
262771070270
262872728887
263321462805
263391722326
263509288982
263613720369
264015615290
264408388106
264805592888
265415612729
265615388945
266290295877
266530232688
267130354644
267166735202
267412183488
267538882454
268025869355
268136064830
268321409647
268671494768
269329046285
269678831872
270013061368
270285446586
270539170517
271064595686
271158018868
271248621409
271314287649
271738333496
271812458561
272625173322
272649086136
272702155708
273559984803
273679316884
273799610313
274025329164
274112816886
274348426367
274786806214
274840525702
275010878034
275086849830
275516659057
275703631277
275891936258
276592770982
277301131300
277306089280
277559938646
277632562523
277679553664
277902003523
277953392325
278002659502
278092821303
279230635141
279478498866
279758746338
280074883617
280153219432
280433019728
280473362727
280777422049
280812867935
281021079146
281082308687
282125130098
282181212791
282219630407
282327373148
282332148352
282672096834
282842802709
282865660321
282924321823
283624097107
283982784221
284109253281
284189497705
284451656920
284483301778
284497700148
284676765167
284688181665
284693387585
285165097969
285282908959
285330574171
285526867519
285736144512
285749350697
286035888537
286096793769
286579187757
287183990220
287453471440
287532688382
287686064648
287794905274
288419122427
288861207788
289801137460
289881125292
290147687624
290420621636
290841312735
291248149099
291422960336
291535903540
292440333371
292796606888
292834092955
293335025296
293481532415
293510588840
293887787255
294000624355
294205913187
294532404549
294622456724
295179190318
295509115475
295712031835
296629266572
297439063725
297705855884
297930075243
298905787750
299019538181
299252759214
299574180574
299743031294
300093488004
300157161146
301018191592
301155883281
302498739126
302784429338
302910784876
303099408416
303642370422
303692771723
303740236055
303740394133
303745110062
303948989468
304333313505
304604332898
304605037420
304754913058
305072516419
305147618315
305194261643
305683398485
305930455248
306081656381
306648662864
306871868955
308409298066
309059073818
309813242578
310059374120
310457978159
310841427874
311073670863
311159062052
311442561913
311795596300
312291731015
312444905614
312659098191
313578758238
313852393748
314000226382
314223305833
314304933019
314333796072
314806386332
315087901061
315487436492
315947867955
315986879257
316058459361
316119577955
317015184261
317200213338
317257080149
317821815425
318131778244
318438302026
319374866992
319524813903
320659408697
321012131055
321141077725
321271048810
321323412627
321827184762
322037791029
322517849680
322755722662
322789050252
323173105168
323588269376
323921241277
324154653024
324158615115
324493870699
324496147544
325216003991
326452189481
327565978896
328190610539
328703112516
328861200467
328865339847
329064885665
329552559281
329962444884
330056644455
330367122270
330437090889
330767727137
331330321521
331603645802
332584658008
332779823245
332929399430
334213364109
334274756814
334847130518
335072649863
335254315852
335259591485
335558806884
335569572900
335993960671
336163663291
336663217798
336822565183
336981678438
336991515676
338596025790
338695378840
338855611318
339401615538
339744359064
340370241112
340442652277
340484050033
340850387281
340984427583
341030058192
341742053647
342077625678
342201352327
342430098992
342764300965
343271757271
343371697916
344169341060
344555280154
344825363585
345337869873
345398836600
345616198679
345833395905
347132794742
347472644077
348037020386
348700900403
349212646847
349279360500
349358901559
350270220074
350324384644
350541258445
351050805058
351404090660
351510315754
351620717985
352270250865
352795387977
353524091783
353976587458
354143419546
354504635347
354640099490
355262021987
355597658014
355624314140
356590131050
356798225439
357165208724
357318573659
357364173843
357796730649
357807601027
358240766425
358811216807
358859735979
358964640708
359335349894
360761534122
360800371635
360907219672
361765168514
361986887612
362563527608
362915505998
363062429035
363292030807
363601060333
364314950818
364398439915
364479369196
364796048885
364978817587
365023023920
365779309267
365881709788
365988287228
366186045254
366496766205
367217422367
367692594983
367982996119
368107456218
368168801235
368356343379
368659807149
368773739918
368794698850
369164769714
369413961479
369687776283
370796993412
371242353047
371290913973
372279294205
372286780994
372708962458
373364707970
373687784789
373945295446
373993629416
374201332424
374643720768
374871527376
374948327983
375267700844
375394687684
375689811513
375880904400
376071592242
376247970541
376539907054
376958185022
377037035093
377110465476
377343063762
377506948097
377714878295
377931143738
378114820387
378125088869
378402521174
379822705671
380186219844
380333614178
380962158174
380990642359
381456362233
381711823384
381792373444
382336582909
382458072318
382987044352
383762570272
383970624539
384122901347
384273844521
384709820231
385058604301
386267686393
386313617071
386469894978
386713043213
386987076005
387097863305
387385208758
387680904561
387998054678
388297378137
388619662737
388852684962
388913801320
388995921501
389084022326
389101636514
389433757673
389689633448
389952212171
390197179389
390353396811
390646699813
390801431811
390994241532
391350035521
391573279692
391643977376
391757837512
391808496133
391885795127
391996453782
392268305506
392340417295
392385530167
392504324435
392611541322
392795514611
392916827028
393313466303
393357258140
393503188334
393581907682
393593357449
393680558206
393757839854
393866472420
394197556023
394213583962
394235963934
394314420566
394444414733
394818667128
395042405919
395172597872
395229363033
396301237958
396545915140
396887162867
397069575112
397952288889
399069493709
399116863894
399135427287
399238430272
399263455119
399343082522
399388107327
399391704769
399454015004
399886624922
399967409049
400193325559
400531831697
401018164049
401290176653
401733517667
402028449287
402326386052
402424329504
402429237164
403394467553
403689130477
403791884543
404019393753
404137259833
404261491382
404557553044
404888584836
405047999213
405085942698
405439948881
405620839809
405744668734
406222825882
406477399513
406952918344
407008140216
407183340734
407394271687
407582879180
407833907338
408055422328
408121770279
408437072746
408609789644
409256891559
409362137154
409758265218
409910537334
410018480543
410329210704
410484376657
410999970714
411002579519
411102140165
411197395605
412041807393
412401767617
412825536432
412828267163
413145344471
413397912757
415130106523
415197557137
415389594774
415930538257
416010859187
416933945253
417321752479
417679415822
417956360538
418176802972
418328970690
418392357555
418620064353
418724300910
419374135771
419382631277
419515145666
419735586240
420562667082
420890422329
420920130441
421705808455
421971126901
422155248122
422435251778
422914148903
423320562068
423752765958
423794306199
423800586813
423912302964
423916175089
424337091927
424806419580
424819110024
424837592941
424899911226
425650483459
425739536913
426301038237
426341379669
426762846672
426763743212
426772946589
426818693979
426921789653
427097832633
427682775247
427902818051
428340248306
428476104231
428636431986
428678912593
428874253462
429177803012
429376218030
429766248967
429934991693
429964496125
429968030230
431014708041
431356312003
431373698428
431395134560
432019500432
433052339454
433230119799
433874760787
434269298485
434300576464
434578860543
434670696332
435191106296
435278833637
435279228238
435777667456
436146782107
436604320494
436856299848
436943288201
437048724430
437119430853
437472312546
437747683929
438253098918
438532982117
438711101839
438769923341
438968479787
439521103397
439916781743
439931340520
440120625467
440220638969
440378607196
440560600756
440610618737
440866039626
441368156878
441706846302
442531847347
442619119574
442812322766
442935470901
443006542082
443221884394
443360335998
443827896097
444019693723
444443151998
445387915423
445626332616
445698942782
445719084229
445944253084
446520763656
446773353186
446841842366
446954090926
446996038776
447180599830
447181633014
447558077871
447739657547
448375929938
448399611712
448507382257
448630781267
449398599017
449412321067
450026003465
450131453402
450286041754
450469507987
450659207926
450915170036
451766443426
452331054877
452337901385
452598613125
452933535847
452934045426
453299046251
453402692723
453999558853
454152040399
454470538227
454735987334
454842911134
455156346176
455415164913
455418256212
456339579253
456370671246
457193937268
457573523459
457580679674
457910185098
458853809686
458893781026
459291774812
459312565346
459530051868
459602546350
459789334793
460075512978
460421140381
461016787007
461230381516
461254687479
462340891918
462532213108
462556342813
463099096103
463264659951
463573088602
463850262366
463926429963
464047692588
464512955272
464536564010
465028004207
465704054705
465968685084
466202105458
466486340479
466791170942
466832879561
467223802625
467451071269
467545916453
467580739623
467680415881
467914862837
467987707963
468334688359
468615890322
469045911891
469118702190
469163389936
470327130457
471141276535
471934391140
471939975806
472057378799
472228210838
472300905103
472347336404
472577340829
472891810555
472975899602
473299402630
473358233448
473559055749
473827878047
474210389353
475248704146
476066757481
476107128913
476433484910
477326320077
477581298399
477682984692
477999361608
478025089864
478271535081
478512105300
479060535892
479503455592
480217324321
480592986534
480640904539
480673788328
481021187662
481417956536
481553674136
481652145919
482317251199
483199505303
483336641442
483656926991
484444430581
484559652243
484581205979
484778899975
485838589239
486431534100
487309978892
487367129911
487725923622
487833670420
488338861053
488369784705
488499952992
489086427014
489656014694
489711249658
489914475065
490219885621
490246053632
490563806752
490915487696
490981119881
490986022352
491543743975
491779032460
491864460033
492494864660
492634311050
492674051237
492888166359
493053814541
493070590882
493107425667
493138734459
493141937922
493507632644
493536005678
493545051851
493879634639
494218603615
494710121633
494785409205
495264335326
495782673891
496005073703
496103833578
496808309501
496857187967
498940684493
498967396188
500015293062
500855752050
501651122375
501958290988
501972215003
502164688995
502317485022
502425414032
502955056958
502993682491
503037352510
503041799897
503280494495
503771250430
504100311000
504270193926
504575590513
505808425546
505962603158
506270360355
506592368121
506641502012
506722597934
506920354273
507796025856
507865781940
508021359586
508538902119
508556923185
509030954162
509150780108
509356033338
509359386008
509610925658
509775284917
510022799887
510177318999
510426987482
510899397881
511074139478
512359454719
512638774074
512771387800
512812821483
512839016035
513286529589
513377159224
513396834057
513431087758
513450247168
513739885016
513917176518
514126894715
514841715814
515028883314
515195337450
515246972989
515252516455
516001760012
516006863535
516195548929
516272054683
516415535223
516710615577
516719834622
516851916831
517424482836
517596724160
517618259963
518406726526
518599041483
518885806355
518927905146
519120309885
519305726658
519908333648
520078810553
520245804650
520433318761
520562875124
520712628317
521420861879
521874043516
521922577951
521941277769
522111161437
522411507443
522548462029
522669967337
522911550077
523123783048
523488936836
523954198615
524296277402
524473858996
524616080272
524708918179
525224791146
525337123952
525575265326
525767055806
526019619455
526238414851
526869625601
526908020979
527867399191
528424529657
528535812898
528718418898
528835241207
529094681838
529524158983
530314080316
530912381618
531367088326
531600161497
531976925790
532235019304
533590048399
534129044009
535106980054
535608992669
536746842055
537042764510
537112878741
537188921991
537594448759
537613895136
537743263133
538446610070
539018316432
539540578195
539541493324
540024336323
540223867842
540358100824
540428785702
541041369367
541366292975
541448214100
541548449141
541670782275
542181707820
542332023095
543217630914
543515621036
544486434385
544668607091
544977004323
545394616792
546146906188
546618121179
546635870003
546697828737
546923340020
547333177752
547836303394
548366442397
548377258859
548635006377
548641147859
548838810328
549649007998
549664943310
549787932570
549977385486
550066829813
550111674383
550344667049
550849864927
551394677975
551647870163
552567190153
552670115768
552890283765
554058843046
554517737157
554538617524
554695051548
555519662130
555598050752
555802969526
555877044011
556286362987
556433309966
556863365905
556866847505
556874577062
557175478853
557801360848
557894962992
558069634776
558081071470
558773902128
558954895633
559278580628
559532866685
559633768301
559719321407
559905868132
559918164324
559964170841
559993900890
560369273539
560477421471
560601057699
561287405407
562017170222
562125144027
562308550200
563121616229
563467232300
564093230276
564134662516
564552262705
565067569992
565195359393
565533394508
565824546195
566376992579
566562680724
566645222634
566754370343
566857093514
568126002055
568861513708
569374684235
569443982452
569444086729
569808091331
570002133586
570535817971
570587497153
570783897312
571063374304
571438402904
571484430453
571638857718
571928508816
572294591448
572312513169
572569680398
572854649187
572935600451
573105017190
573143915859
573160735084
575101983456
575303814870
575673941786
576458404291
577014847227
577056108277
577075219557
577148001035
577440558274
577586335990
577642594544
577833849515
577880531830
577903305674
578020103941
578527839869
579307311180
579548110143
579585980662
580460894028
580668505409
580898029468
580909798879
580947839023
581137255746
581986558385
582269366787
583137095587
583143475888
583471868116
583618860198
583986010837
584071718373
584310712600
585030980551
585165181107
585293102482
585341316760
585574268401
585587096056
585621475462
585874309882
586019088127
586273836922
586496014050
586810037894
586927195628
587134075041
587381476142
587614030004
587738377934
587809184932
587983162563
588007750035
588031108838
588433127352
588508884446
589737178366
590454160979
590559361945
590880783989
591340603843
591443330739
591723881378
591846847843
592273205329
592446256020
592521575136
592703380202
592749767118
593017104217
593117714945
593185539063
593550932771
593596845002
594088006890
594468241718
594493385685
594594876232
594711274856
594725692561
594917751410
595168796430
595431191120
595829232773
596530479068
597232387447
597401140206
597887069120
598181770973
598349519252
598785955945
598878926400
599461838110
599652637630
600166059981
600229151716
600335955455
600663856518
600808854053
600867436231
600896240541
601212612931
601338415155
603063159316
603188950530
603233115425
603390567951
603543785080
603691886392
603751236965
603922358803
604177309499
604332512278
604462402349
604689917471
604936105446
605500233052
606011974354
606735997131
607021268529
607032288826
607042414143
607147374901
607636113483
608064185910
608334771139
608454377016
610104828307
610149701725
610169355236
610317315952
610480298043
611211193781
611811242219
612397037830
613685450085
613846493308
614852408943
614855195744
615057045598
615602592127
615691705907
615695784509
615754030057
615822745914
615967110021
616219285099
616444549044
616973571000
617067260957
617084214740
617384767643
617931558910
618668614498
618762918497
619383083692
619480869016
619644829373
619874242823
619893196955
619973860081
620274057378
620314941887
620490431483
620603237744
621080048758
621338066572
621572018302
622712677942
622798471922
622820895919
622822277624
622823121158
623408897083
623641634110
624046193909
624335675937
624514526702
624659547510
624727161333
624922007810
624963139038
625263214209
625639575793
626510144955
627029919267
627059639218
627240362478
627727851226
627811996066
627985397422
628432718089
628823847156
628880007036
628949912681
629131862901
629137513600
629185231125
629409657660
630347612748
630369003599
630926958385
631221839839
631281017846
631592394713
631758635561
631792593190
632854669577
633224976660
633414626932
633643159897
633962229618
634021285955
634199980381
634242438765
634421371564
634452897179
634565698097
635196406691
635312526898
635672348644
636624743427
636772608994
636976577356
637424517654
637503184505
639072897987
639442443292
639565163197
640173622814
640444613634
640963587175
641226429010
641618386861
641851774435
641917798573
642243964279
642648125029
643142678457
643288879637
643361631466
643392351963
643958261080
644346259432
644587099435
644815451936
644843403226
645654940260
645783985116
645835522405
645864187184
645985326781
646197911672
646728187919
646790989224
646980890250
647510195109
647817270095
647860338105
647931502053
648043441139
648578507768
649180695932
649521662714
650530142956
651002398579
651164916437
651268336556
651482942266
651529097480
651568825700
652039798698
652066300721
652257071906
652257688058
652597997259
652898572296
653147717224
653652267955
653834717779
654101962327
654312930416
654365534200
654520876570
654547645860
654628056740
654814093859
655206263972
655338793536
655475025796
655523170786
655688093087
655706230673
655737388416
656106817747
656302086139
656611468029
656841250981
657095279191
657724961357
657846491371
657947191543
658364532988
658420992469
659301658001
659639582433
659718947329
659989707164
660087940750
660239828472
660406895050
660617766701
660804973105
660993341841
661100007519
662238669810
662274102172
662780962972
663261786709
663868531897
664570581365
664618021566
664764632919
665060100839
665156071777
665810854597
665839616487
666597003526
666734234694
667070927883
667878882556
668073532380
668871174634
669339938362
669396171686
670306129980
670676451546
670888504688
671357356374
671436289417
671444369362
671606756350
671838631547
672771664407
672809388914
673725990200
673827860720
673850262029
674605662992
674786913897
675096191536
675548512902
675552870364
675936695813
675968697848
676168464566
676287225595
676348556840
676951176998
677556895837
679939082393
680060038198
680335405766
680480698657
680637930572
680727740307
681215276137
681304333876
681741614632
682356005679
682576504251
682725149836
682880596826
684159742590
684832905915
685922746545
687732078871
687929034414
688160145873
688331267963
688893375923
689169768494
689382024962
689693140708
689766918153
689972839030
690425076617
690442570406
690463820019
690692053119
691086753553
691420782058
691475351861
691992969012
692378343315
692500337441
692582683287
692925831775
693047633830
693179332484
693390614986
693540582608
694239165464
694334250095
695279551385
695315686782
695395339204
695445721658
695823286400
695893742387
696160379802
696168131199
696662633576
697053680537
697181741287
697181989334
697220475056
697896869511
698026246698
698173537759
698548484592
699194579791
699216922486
699260446313
699546343795
700261738591
700371123165
701413882870
702388436894
702669092445
703091011787
703351722538
703408261836
703761146417
703820708701
704068193008
704151194591
704237872589
704312278384
704504757349
704844334043
705069433059
705097959593
705166821979
705281212768
705744096158
706022530868
706393443372
706606266549
706725284066
706767389849
707213079630
707241848127
707329207169
707676632837
708119380682
708600647600
708760675878
708899185438
708909908315
709104854270
709259583283
709369733393
709394410013
709446453548
709608898223
709844835820
709921032705
710617594506
710638587186
710704698085
710719000470
711053277171
711233874309
711405237309
711563048465
711816272963
712194320892
712673921807
712909153458
712952648919
713312561568
713595851111
713972845686
713974897203
715120368552
715236589805
715588300955
715663222434
715849141277
715882628807
716091706629
716114843433
716712840615
716828232624
717439586793
717626042873
717629462182
718680523344
719289698517
719637365113
719692456408
720104612119
720110773384
720681191645
721066110124
721071438936
721090620632
721374055587
721406521890
721470132286
721631225685
721696126639
722034383112
722173726021
722359571802
722700607902
722768391126
723143757773
723306607651
723400379542
723421627449
723620857337
723967533093
724608458985
724631181744
724694433416
725166757470
725786970345
725888597728
726430581171
726431209498
726488272776
727041500355
727345589175
728024691668
728818043792
729311573954
729589440288
730839157132
730966234170
731512592366
731694128430
731924790910
732607808557
732725762905
732755701941
732948356656
733689041950
733740939009
733814341764
733846331732
734018093420
734258933132
734315937074
734414210413
734770664551
734874903133
735077713058
735491235410
735537390852
735798608489
736291981193
736488261768
736524614741
736887350034
736950232670
737053266945
737245060900
737595557103
737745658062
737746461721
737749254716
737756124161
738323751477
738373526800
738445754681
739545859696
739656867009
739907479197
740197447690
740267574886
741322564209
741955835075
742276530458
742959179805
744326483015
744353246200
744806099478
746520210823
746698054360
746871187345
747315255120
747812148655
747890536293
748124456089
748712116972
749085644849
749588539627
750131667158
750559812321
750705564178
750898721965
751724541603
752158079539
752513537552
752726274913
753146833792
753305057915
753610265619
754336449731
754578226505
754725055753
755017042215
755037037632
756099842731
756473870085
756882297358
757213726585
757358339538
757536840719
758456110801
758525021833
758538770528
758749749880
758940083438
759134388762
759155848192
760100430413
760284810607
760332090348
760464563634
760623399784
760790045925
760936435143
761567849551
761618933581
761688694645
762648028320
762995924041
763024234282
763054317590
763648367827
764148954929
764371139237
764417234713
764483522614
764571353339
765260902811
765391763159
765576914638
766316737239
767059358787
767354345349
768137126742
768659290641
769092614035
769299116420
769537263938
769708466288
769726490225
769804999662
770140386251
770242772663
770296040474
770439431636
770877995700
771312715048
771489904593
771642580652
772119506102
772617421718
772977068608
774201957126
774285170420
774442188047
774464625713
774524586730
774602648725
774711805200
774855814371
774927704506
775471388200
775930691288
775984459284
776516600175
776569530757
776632862116
776767959216
778448939289
778923405313
778952478493
778990963285
779859891036
780388604420
780780835138
780884392876
780978164742
781312104933
782085622108
782436472401
783715155346
783995042705
784154162114
784178423081
784178761780
784831156355
784893902168
785417617892
785500603614
785680305495
786257805574
786714462049
786988554035
787031275390
787324599560
787869954266
788058922279
788151275563
788207816852
788319198921
788526889231
788640493798
788702044837
789075790360
789127877115
789336911801
789395922580
789454437044
790930270597
791263462566
791361431329
791370295072
791464431652
791571190641
791838229085
792050570284
792231590360
792396927355
792397845666
792675624735
792748635392
793051633822
793346716607
793523712527
793571861505
793621479685
793638855104
793867417839
794012375465
794180237060
794498281733
794775529045
795028529360
795536825692
795732900626
796146242095
796793208268
797039649262
797191315151
797251045803
797427826970
797473007924
797792297337
797947039352
797987122245
798548393169
799051692653
799153384430
799381931804
799647529082
799863853623
800038737548
801053622221
801171929572
801602759710
802232304395
802374471673
802525166410
802722581857
803054370787
803432230511
803847522501
803864259955
803906447013
804135582548
804343247459
804525059339
805234245227
805384192670
805477760045
805524072723
806604748639
807096453883
808511779312
809140081150
809219153986
809595095613
810138773836
810186769499
810244693929
810455237609
811294327029
811435652596
811872750102
812304165635
812324860080
813159799499
813414122564
813929896653
814197142931
814823013112
815271060706
815626551950
816759344964
817579879811
817779605128
818011140791
818087203483
818835658398
819018048546
819273830311
819678556577
820023990893
820064371708
820424174407
821083055418
821336552356
821725555999
822490926347
822547022264
822564030164
822774343035
822871606600
823036843482
823902769137
823931945960
824172570836
824233266846
824405989010
824655025179
825231161721
825449070297
825640982382
826089628560
826113591458
826216128414
826316285731
826521257906
826696515318
826753785230
827426373359
828378756261
828960328744
829240483049
829381062031
829744468771
829788309301
830136486455
830425342305
831204795824
831260567290
831303642767
831515377450
831855802037
831937367987
832786558248
833548181277
834391623878
834627864679
834976306673
835029477394
837206430586
837230113134
837403598655
837618821752
837652209532
837728117354
838166421556
838217868064
838750750876
838796150516
838921965837
839260927223
839646136342
839675674882
839951004103
840005047045
840444577805
840809676692
841055444750
841172095971
841982820799
842061339259
842220189811
843018632338
844035036756
844089319612
844241250322
844633887187
845008942920
845035074397
846041028419
846257840448
846770201701
847002092611
847123678143
848081577206
848612288704
849267411547
849700795734
850213971250
851005949689
851132342352
851302860874
851578387850
851852482361
851875184200
852191046943
852494123789
852709574486
853368330055
853378069779
854305536631
855048642996
855146055380
855411398137
855663392537
856202749296
856591155319
856869444743
856986347757
857105520785
857516362202
857654184368
857745794274
857928669991
858300472918
858729373446
859210591746
859279030156
859549670154
860179813948
860478124150
860663697540
860892810444
861115561846
861216072823
861353507198
861368101354
861374048358
861471319340
861629279054
862201968956
862420845243
862560468260
862882283429
863115611954
863158574549
863796290019
863838499120
864153027745
864958556093
865419869674
865788729293
866357628492
866456847267
866596020812
866660422629
867300680285
868001992789
868003210285
868037835403
868531124834
868625362921
869563191792
869635276207
869886209655
870011851996
870101749865
870724341475
871138351514
871168921056
871521665700
872124989388
872303676103
872422501708
872540717567
872579140771
873840314055
873898890794
874272290216
874906270820
875168441655
875265593807
876432884868
876835446401
876994793659
877037144497
877184053308
877321772220
877388080974
877391619045
877678664690
877863181432
878085852527
878087001290
878131396380
878500839682
878612836677
878767596663
878965329199
879205972162
879432626698
879740676755
880149073520
880156845287
880345288672
880650976126
880883056687
881602018437
882101283939
882300474130
882577637719
882656841631
882793229115
883195575866
883209808715
883268313438
883549045483
883881826367
884001598532
884223214669
884335837084
884373315248
884814082461
884831364276
884915871206
886325920654
886536966790
887539257759
887577343812
887625552949
887654184366
887656818398
887709971009
887839403170
888074379257
889449249591
890168076159
890626175674
891080761735
891614094220
892015404079
892731441282
892751289313
893182255878
893284693969
893989793696
894234353490
894296684550
894342787314
894428934413
894450363668
894480126915
895412049248
895426495819
896161002873
896924687694
897007553772
897692835555
897801514195
897855865892
897963529675
898618121899
898662178295
898789744967
899229016939
899343989454
899373380961
899442855855
899565010238
899885817287
900157043055
900436272688
900791988360
901378705559
901421805174
901601821128
901602824860
901660633759
902349957116
902749901377
903808367973
903984047451
904120676707
904508001404
904665363657
904890721931
904900449875
905008435039
905080246691
905636797453
905756194525
905896988875
906073402946
906170693103
906377366143
907916072959
907981526857
908309548404
908384516483
908645340466
909286505887
909321241583
909490291789
909863273219
909970884701
910278230624
911011303856
911514853776
911982498518
912234456372
912272894758
912449940684
912544977661
912789703752
912792385632
913424046489
913658775999
913727371983
914303836853
915358984954
915473424574
915591447512
915876011699
916016653722
916283060172
916596709219
916600329521
917219147301
917321004432
917880552272
918009300423
918152415323
918320854321
918364693238
918490382406
918729177103
919106293706
919656488164
920730883814
920961466221
920999749666
921019962623
921436543044
921485783493
921522087646
921901883781
922016383521
922115231141
922118526681
922363859643
922369043648
923756483293
923801829610
924332558833
924379329865
924387942919
924618974079
924732967032
924900369584
925222717180
925563103138
925577550409
925614836043
927187172753
927232526549
927923023966
928061439251
928511606143
928717196328
928757277840
929594289113
929956495271
930181524620
930595652202
931116085184
931586779056
931649284839
932012343450
932468476900
932703045860
932741761922
933237482412
933587384072
933670673569
934108982552
934345683158
934507330978
934792388155
934821330561
934918772444
935182171540
935190345114
935200388204
935271127658
936434501607
936636171261
936804085726
936912236431
937019894889
937296415234
937959433269
938530552812
938669892590
939070794983
939161274911
939687192584
939868857615
940040282663
940131128450
940457735879
940734239866
940824718001
940829986262
940833850624
941032038458
941763161344
941916820555
942137604763
942153918271
942826544223
943129485996
943371673500
943451689119
943888833995
943912302019
944051729719
944067415588
944766028106
944830134257
945091542648
945396279677
945667136711
945686520712
945852355327
946001300503
946449803055
946831799634
947536132057
947887274211
948097780796
948238647766
948262602248
948531892439
948546966773
948611519059
949099424950
949437422878
949807256055
949808216300
949877125734
950009387498
950973788329
951236262481
951532801915
951682491421
951912044309
952625198514
952723818280
952767954215
952810470592
952876576329
952974673981
953000059836
953412291035
953797999206
953839207356
953932153398
953987271723
954121005891
954605120371
954823616796
954895028870
955005082158
955014906899
955106573739
955201465781
956040929642
956178540711
956206324640
956367923937
956442277457
957270196527
957504036631
957611847496
957728397886
958226704344
958525295232
959120698319
959336765771
959840847916
959884987494
960002996303
960544239203
960635454307
960696880245
961356962204
961434075903
961444284232
961560712204
962001508986
962227464607
962352197257
962589650574
962846800661
963051737921
963120417718
963251771392
963288668734
963648654709
963801731560
963869519389
964034696936
964726409893
965414415412
965608951178
965986606845
966094092355
966894357870
966945869169
967684375599
967839253864
968084958557
968149419034
968158158072
968289891655
968423382869
969513997238
969897677544
969965168988
970511711777
971307315011
971497858967
971664333633
971708724259
971848696646
971908325057
972053923420
972893532582
972982627617
973218410254
973426270360
973744096062
973757945391
973916368245
974224589482
974237405413
974431837676
974552985162
975010969063
975155514425
975950349396
976158887977
976274112388
976784832177
977052308785
977771896080
977961049445
977976919102
978072146740
978227735047
978480171604
978756724113
978872990281
978977404958
979333427909
980243640636
980285939847
981160007551
981283228699
981337002559
981481867106
981518894161
981945199963
982377013680
983397524972
983650806471
983871772396
984054032413
984436045425
984696964464
984783172476
984865969234
985079754257
985286399023
985327583368
985705332232
985768405659
985864877672
986577415681
987252550351
987349459943
987349951175
987681061465
987851715392
987918121416
988092075795
988292521982
988887894334
989102832349
989349855976
989361306085
989365319666
990407795874
990700960247
990805523573
991318756990
991490665964
991561336385
991710342626
992538818735
992562639552
992708385221
993033278869
993711995162
994062386957
994559462890
994677113711
995299755051
995349803528
995414815619
995799143016
995889162466
996410385350
996538102506
997081255240
997457130664
997686654419
997686870803
997728897123
997959991526
998013585551
998724429551
999300710738
1000028793543
1000129683906
1000570956089
1000961645505
1000961873851
1001034639923
1001273704806
1001593033791
1001682700540
1001709212827
1001784549891
1001785069360
1001858531344
1001997077416
1002105919321
1002117504045
1002352831191
1002531760448
1002869988709
1003062137030
1003349677904
1003860429449
1003934524675
1004137824639
1004178943604
1004369408027
1004448961816
1004488279788
